56
591
641
667
671
841
999
1003
1137
1165
1224
1256
1396
1525
1541
1614
1660
1755
1794
1994
2083
2190
2272
2743
3052
3110
3155
3192
3277
3708
3845
3946
3992
4007
4033
4220
4266
4326
4754
4792
4889
4923
4987
5014
5357
5359
5587
5590
5944
5981
6006
6017
6120
6226
6312
6338
6349
6409
6427
6531
6574
6711
6768
6951
7004
7110
7270
7306
7352
7423
7535
7608
7786
8031
8157
8195
8214
8334
8524
8654
8809
8820
9234
9630
9633
9745
9824
9879
9964
10022
10085
10145
10316
10358
10366
10394
10409
10464
10535
10601
10672
10755
10856
10863
10907
10919
11202
11239
11245
11306
11437
11513
11533
11583
11643
11645
11710
11751
12148
12159
12233
12438
12606
12720
12856
12944
13114
13244
13269
13512
13568
13763
13780
13792
13812
13855
14148
14162
14237
14297
14306
15028
15318
15372
15449
15458
15844
15877
15889
15918
15932
15934
16022
16095
16101
16119
16174
16350
16353
16486
16516
16561
16619
16746
16775
16976
17099
17100
17136
17286
17337
17355
17371
17389
17482
17548
17569
17691
17694
17719
17808
17892
17943
17977
18023
18168
18212
18383
18558
18679
18709
18725
18738
18799
19013
19190
19214
19259
19305
19338
19346
19523
19623
19773
19811
19814
19956
19995
20061
20181
20303
20527
20636
20637
20660
20671
20869
20902
21344
21377
21495
21587
21727
21756
21808
21882
21888
22014
22063
22217
22242
22536
22652
22775
22872
22895
22998
23005
23203
23369
23529
23546
23562
23569
23732
24087
24281
24302
24330
24550
24621
24621
24817
24848
24949
25041
25280
25545
25555
25604
25771
25899
26271
26403
26508
26559
26661
26752
26822
26872
27042
27152
27274
27304
27317
27340
27347
27442
27443
27656
27736
27763
27777
27860
27931
27999
28251
28419
28455
28559
28795
28867
29121
29180
29369
29516
29745
30064
30228
30236
30474
30608
30674
30721
30973
31082
31092
31237
31388
31624
31690
31702
31759
31760
31868
31911
31979
32136
32152
32351
32449
32468
32478
32653
32703
32730
32892
33003
33050
33093
33106
33198
33275
33518
33522
33597
33638
33663
33782
34040
34277
34318
34439
34513
34836
34886
35112
35164
35320
35364
35374
35424
35515
35615
35869
35896
36039
36150
36303
36517
36621
36632
36644
36700
36892
36896
36952
37037
37227
37382
37384
37512
37525
37561
37590
37687
37783
37891
37902
38236
38270
38286
38321
38434
38485
38613
38651
38655
38813
38878
38931
38949
39095
39176
39220
39249
39282
39285
39305
39436
39801
39846
39908
39977
40018
40399
40595
40650
40658
40704
40932
40945
41020
41237
41263
41320
41449
41526
41620
41689
41779
41852
41920
41980
42066
42237
42341
42372
42384
42412
42555
42564
42620
42671
42672
42803
42901
42960
43118
43227
43259
43284
43294
43308
43487
43521
43628
43716
43783
43912
44105
44114
44196
44340
44847
44921
44963
45002
45081
45098
45335
45373
45436
45520
45636
45659
46024
46026
46339
46429
46589
46791
46980
47025
47173
47265
47361
47416
47423
47436
47515
47678
47731
47867
47903
47928
47933
48005
48008
48012
48030
48091
48142
48192
48306
48507
48533
48537
48597
48690
48762
48802
48812
49068
49314
49396
49402
49485
49659
49710
49711
49722
49840
49850
49898
49970
50320
50370
50523
50526
50560
50928
51035
51072
51323
51589
51648
51650
51686
51711
51725
51927
51937
52409
52430
52438
52465
52492
52647
52676
52785
52862
52965
52973
53198
53297
53431
53598
53606
53776
53868
53996
54144
54326
54444
54460
54533
54665
54846
54867
54945
55083
55087
55186
55210
55264
55327
55364
55564
55654
55749
55822
55850
55870
55938
55995
56267
56304
56415
56669
56841
56877
56922
57165
57298
57300
57346
57412
57530
57733
58097
58148
58551
58758
58818
58941
59051
59139
59229
59252
59500
59569
59687
59708
59878
59939
60174
60176
60235
60236
60293
60391
60408
60521
60833
60959
61033
61164
61177
61192
61461
61655
61691
61830
61837
61922
62121
62129
62212
62213
62354
62413
62467
62543
62712
62771
62842
62863
63011
63032
63106
63240
63267
63354
63372
63373
63428
63508
63869
63889
64010
64199
64341
64372
64473
64495
64511
64683
64884
64963
65112
65402
65538
65881
66028
66055
66163
66165
66191
66209
66246
66249
66288
66356
66481
66502
66510
66518
66623
66709
66755
66777
66813
66848
66924
66989
67308
67320
67337
67354
67577
67588
67609
67657
67666
67722
67784
67794
67844
68051
68057
68243
68371
68448
68642
68658
68804
68968
69106
69167
69248
69343
69470
69490
69574
69601
69643
69656
69986
70020
70051
70122
70176
70291
70395
70503
70525
70676
70830
70871
70888
70893
70919
70951
70969
71105
71119
71167
71245
71337
71593
71604
71604
71611
71619
71625
71643
71649
71884
71899
71981
72006
72032
72049
72149
72298
72654
72748
72833
73078
73132
73251
73265
73281
73400
73438
73666
73708
73944
74056
74058
74163
74248
74258
74561
74641
74668
74748
75255
75294
75402
75700
75859
76055
76286
76382
76661
76669
76681
76858
76867
77035
77039
77346
77385
77476
78127
78253
78289
78371
78379
78392
78558
78595
78692
78756
78763
78772
79022
79041
79306
79400
79403
79542
79553
79611
79698
79709
79710
79738
79775
79883
80006
80040
80163
80352
80402
80610
80729
80761
81206
81245
81282
81384
81390
81427
81443
81518
81559
81762
81792
81907
82140
82384
82539
82553
82775
83239
83258
83440
83454
83476
83498
83531
84216
84241
84641
84985
85018
85056
85155
85204
85207
85277
85808
85819
85894
85961
86202
86435
86451
86491
86634
86935
87178
87311
87455
87517
87603
87641
87716
87721
87788
87853
87893
88117
88138
88170
88517
88613
88669
88711
88931
88949
88957
89081
89377
89524
89582
89635
89669
90068
90194
90309
90530
90753
90842
90864
90883
91064
91386
91395
91612
91638
91673
91778
91828
91956
91988
92323
92333
92362
92426
92454
92590
92591
92765
92905
93003
93023
93061
93310
93407
93440
93595
94042
94110
94126
94230
94364
94412
94594
94623
94682
94827
94905
95099
95108
95141
95196
95237
95505
95521
95564
95566
95580
95609
95643
95924
95947
95962
95967
95968
96139
96384
96384
96521
96624
96676
96785
96844
97053
97250
97264
97283
97381
97452
97482
97598
97606
97965
98027
98404
98667
98711
98829
98908
98968
98998
99179
99242
99346
99397
99427
99459
99608
99711
99729
99923
99995
