42555
32136
33522
56
60959
21344
40595
21495
9879
79738
82553
31759
6951
98998
12233
1525
99729
16976
32703
85018
3708
30674
36150
79883
11751
26661
48507
62842
80040
64372
17136
75402
51650
70020
66249
4220
88117
81443
24621
68804
80610
54665
97053
6427
45081
33106
1256
85819
17371
85155
66246
32152
66288
19814
51589
13568
42672
11202
94594
16619
81282
33663
39801
53996
38236
94110
48192
53598
18383
65538
15934
11710
27656
61192
12944
53606
92905
66709
19013
71625
66510
41526
10145
99923
44105
67320
27763
96521
94623
54533
79553
87721
22536
70969
93003
34439
15028
62354
20637
83531
11245
88517
78595
71611
22063
24087
60176
78371
46339
65881
99608
66623
54867
96785
3110
61177
81427
74248
71119
69490
38613
35164
68642
10672
24949
15449
72149
51686
60235
56841
75294
27999
48008
1794
1396
42960
36892
98908
46429
85056
72833
23732
11306
33198
99179
24817
60236
97452
12720
53776
57530
99995
91778
43628
5357
64511
10863
12856
68051
68968
19190
60521
8195
70122
44921
48091
16101
94682
24281
19305
33782
63106
43118
13114
95580
26559
17389
6409
60174
27442
10394
29516
27317
50370
72006
46024
55822
66481
5944
81518
47933
20181
71337
22775
19259
64884
53198
68371
33003
26271
90864
18738
76055
17808
21377
66813
97482
16746
39305
81762
31092
55654
29121
95643
19956
71604
4033
8524
74748
10022
91395
51323
63032
58551
91988
79306
51072
73708
16516
67354
61691
64473
11239
12606
10535
31868
2272
76286
83498
39285
62712
79709
29180
68243
50523
37525
93440
19214
78392
53431
68658
55995
38321
7786
19995
18023
46026
91638
32351
32730
94905
8214
38878
19773
26872
39436
10358
92362
21756
35896
30228
9234
17694
86451
85204
74668
14162
78289
98711
41020
92590
60833
93595
55327
58758
4007
99346
11645
45636
25555
19623
12438
76867
32478
5590
19338
36952
62467
27152
48533
9633
3052
90309
22895
61033
65402
40945
70893
28419
70525
23369
30608
29745
86435
11583
78763
77385
46980
48012
37561
55364
23529
40932
16119
37384
19346
27274
63889
49068
66165
27736
50320
15889
57733
49659
4889
89081
52409
61461
33050
34277
70291
95566
68057
34836
71105
55938
93407
45520
92765
88170
96384
40704
62213
66055
38949
79022
13855
63267
66163
47436
87517
72298
97250
78772
47173
51711
71167
16561
66209
42372
78756
82384
89635
93061
62212
38655
25604
45098
41263
16775
95521
25771
57165
64010
52676
63354
22242
59939
66191
74056
23546
46589
11513
86634
83440
56415
1660
97598
63011
17482
99397
49314
33275
73281
87788
30474
39249
17892
12148
36039
38931
67666
85894
90753
78379
70051
87178
65112
22217
43487
88613
57412
82539
16486
73132
40018
32449
20671
89377
54326
2083
47361
75859
37037
68448
62121
5014
43912
48142
79775
31911
591
51035
87455
82775
15458
44114
67657
77476
42671
73944
75700
8157
47928
1541
18709
56922
52973
53868
4266
21882
87641
95968
63428
1614
39220
20869
49722
35112
92333
7306
41852
63240
61837
18212
41237
8809
95967
14297
1003
49898
25899
15918
89524
13792
45436
41320
24330
23569
90194
84641
89669
49850
54144
16022
80006
38485
9630
18679
84216
91828
71643
73265
41449
46791
17548
58818
27860
16095
7004
64495
47731
52438
17100
48306
95924
37891
81206
38434
81384
80163
78253
6006
97381
4326
71981
64199
42384
91673
13512
87603
74641
26822
81390
45373
50526
6017
64683
81559
5981
38813
38286
31979
6711
93023
59500
97965
58097
6531
33518
80729
71593
95505
39176
37382
85207
71899
76382
17337
35869
43308
49840
34886
48537
13244
27347
18168
99711
88957
95564
10366
9824
7270
20303
38651
66518
20527
20660
96624
85961
31690
96384
42620
14237
10316
23203
18799
36700
76858
69167
21888
23562
71619
49402
17569
67588
60408
43294
18558
17977
81245
95108
61164
74058
47867
81792
91956
25041
95962
63869
70951
80352
59569
56669
35374
95141
2743
62543
6120
86202
71649
91612
9745
98829
95609
83258
39908
66777
78692
48690
31624
7110
66028
94364
10409
76661
75255
1755
67784
48812
47423
95947
50928
66755
96676
55083
58148
94042
92426
24302
70176
17691
34318
73251
69656
66502
69470
72654
73666
61830
1137
58941
999
90842
47515
35364
20636
26752
70395
31702
4754
83476
89582
13269
69601
63373
43259
45335
79403
44847
86935
74163
67722
95099
74258
42564
55087
59252
69106
78558
97283
10919
14306
3277
22998
14148
39282
23005
52647
1165
20061
79041
67577
44963
21808
52465
6768
59229
37902
47416
67844
55749
74561
69986
47025
7423
55186
44340
47678
67337
72049
8031
55264
52430
2190
84985
94827
42803
64963
47265
55210
95237
78127
55564
39846
90068
21587
841
13780
16350
24848
73400
10085
36632
5587
45659
40658
88949
16174
93310
41779
13763
49970
10464
28867
99459
63508
98027
77035
51648
8334
92454
20902
86491
67794
30721
42237
54846
6312
6338
66924
7608
52965
62771
57346
27304
40399
94126
51937
69643
4792
54945
15318
27443
59708
80402
62863
59139
42066
37227
4923
79710
11643
42412
98968
84241
15844
21727
85277
667
49396
6226
32653
47903
92323
31237
43521
76669
39977
22652
28559
36517
28795
88138
80761
72032
36644
24621
49710
13812
35615
49485
3946
43284
92591
67609
56304
71604
7352
42341
70676
48597
10856
6574
56267
71245
61922
41980
22014
43227
43716
25280
70871
94412
99427
33093
37783
72748
96844
97264
3192
27042
7535
73438
79698
10755
30064
87716
87853
66848
3155
3845
24550
57298
37590
49711
16353
85808
641
62129
35424
66989
4987
42901
17099
17286
98404
53297
26508
3992
15932
48005
9964
6349
28251
35515
91386
55870
63372
41689
36621
69343
62413
69574
22872
32892
11533
32468
48762
15877
39095
10907
52785
52492
98667
1994
27340
45002
41620
66356
77346
54460
73078
38270
91064
31760
52862
8820
79400
36896
70503
17943
88711
99242
27931
61655
48802
28455
18725
27777
51725
96139
94230
87893
34513
97606
50560
69248
59878
60391
81907
34040
25545
88931
15372
1224
31082
79611
33638
43783
17355
95196
8654
76681
90883
60293
11437
26403
83239
29369
40650
51927
19523
37512
671
44196
90530
59051
30973
5359
82140
70830
57300
77039
37687
36303
87311
54444
12159
48030
35320
71884
33597
64341
10601
88669
30236
83454
31388
67308
70888
79542
17719
19811
41920
70919
59687
56877
55850
